3,1
3,3
10,114
10,84
10,96
11,30
11,29
11,28
11,26
11,25
10,126
11,24
11,23
10,180
11,22
10,6
11,21
10,110
11,15
11,27
11,5
10,317
10,316
10,315
10,314
10,313
10,312
10,311
10,310
10,309
10,308
10,307
10,306
10,305
11,17
10,304
10,303
10,302
10,301
10,300
10,299
10,298
10,297
11,11
10,296
10,295
10,294
10,293
10,292
10,291
10,290
10,289
10,288
10,287
10,286
10,285
10,284
10,283
10,282
10,281
11,13
10,280
10,279
10,278
10,277
10,276
10,275
10,274
10,273
10,272
10,271
10,270
10,269
10,268
10,267
10,266
10,265
11,18
10,264
10,263
10,262
